! central density (gr/cm^3) 	 Radius (km) 	 Mass (Msolar)
3.009952e+14 			 12.137 		  0.597
3.040052e+14 			 12.167 		  0.606
3.070453e+14 			 12.196 		  0.615
3.101157e+14 			 12.225 		  0.625
3.132169e+14 			 12.256 		  0.635
3.163490e+14 			 12.285 		  0.645
3.195125e+14 			 12.314 		  0.655
3.227076e+14 			 12.342 		  0.665
3.259347e+14 			 12.369 		  0.675
3.291941e+14 			 12.397 		  0.685
3.324860e+14 			 12.425 		  0.696
3.358109e+14 			 12.453 		  0.706
3.391690e+14 			 12.479 		  0.717
3.425607e+14 			 12.505 		  0.727
3.459863e+14 			 12.531 		  0.738
3.494461e+14 			 12.557 		  0.749
3.529406e+14 			 12.583 		  0.760
3.564700e+14 			 12.608 		  0.771
3.600347e+14 			 12.632 		  0.782
3.636351e+14 			 12.656 		  0.793
3.672714e+14 			 12.680 		  0.805
3.709441e+14 			 12.704 		  0.816
3.746536e+14 			 12.728 		  0.828
3.784001e+14 			 12.750 		  0.839
3.821841e+14 			 12.772 		  0.850
3.860059e+14 			 12.795 		  0.863
3.898660e+14 			 12.817 		  0.875
3.937647e+14 			 12.838 		  0.886
3.977023e+14 			 12.859 		  0.898
4.016793e+14 			 12.879 		  0.910
4.056961e+14 			 12.900 		  0.923
4.097531e+14 			 12.920 		  0.935
4.138506e+14 			 12.939 		  0.947
4.179891e+14 			 12.958 		  0.960
4.221690e+14 			 12.977 		  0.972
4.263907e+14 			 12.995 		  0.985
4.306546e+14 			 13.013 		  0.998
4.349612e+14 			 13.030 		  1.010
4.393108e+14 			 13.047 		  1.023
4.437039e+14 			 13.064 		  1.036
4.481409e+14 			 13.081 		  1.049
4.526223e+14 			 13.096 		  1.062
4.571485e+14 			 13.112 		  1.075
4.617200e+14 			 13.127 		  1.088
4.663372e+14 			 13.142 		  1.101
4.710006e+14 			 13.156 		  1.114
4.757106e+14 			 13.169 		  1.127
4.804677e+14 			 13.183 		  1.141
4.852724e+14 			 13.196 		  1.154
4.901251e+14 			 13.208 		  1.167
4.950264e+14 			 13.220 		  1.180
4.999766e+14 			 13.232 		  1.194
5.049764e+14 			 13.243 		  1.208
5.100262e+14 			 13.254 		  1.221
5.151264e+14 			 13.264 		  1.234
5.202777e+14 			 13.273 		  1.245
5.254805e+14 			 13.281 		  1.257
5.307353e+14 			 13.288 		  1.268
5.360426e+14 			 13.295 		  1.278
5.414030e+14 			 13.298 		  1.283
5.468171e+14 			 13.300 		  1.286
5.522852e+14 			 13.302 		  1.290
5.578081e+14 			 13.304 		  1.293
5.633862e+14 			 13.305 		  1.296
5.690200e+14 			 13.307 		  1.299
5.747102e+14 			 13.308 		  1.303
5.804573e+14 			 13.309 		  1.306
5.862619e+14 			 13.310 		  1.309
5.921245e+14 			 13.311 		  1.312
5.980458e+14 			 13.312 		  1.316
6.040262e+14 			 13.313 		  1.319
6.100665e+14 			 13.313 		  1.322
6.161672e+14 			 13.313 		  1.325
6.223288e+14 			 13.313 		  1.328
6.285521e+14 			 13.313 		  1.331
6.348376e+14 			 13.313 		  1.334
6.411860e+14 			 13.312 		  1.337
6.475979e+14 			 13.311 		  1.340
6.540739e+14 			 13.310 		  1.343
6.606146e+14 			 13.309 		  1.346
6.672207e+14 			 13.307 		  1.348
6.738930e+14 			 13.305 		  1.351
6.806319e+14 			 13.303 		  1.354
6.874382e+14 			 13.300 		  1.357
6.943126e+14 			 13.298 		  1.359
7.012557e+14 			 13.295 		  1.362
7.082683e+14 			 13.292 		  1.365
7.153510e+14 			 13.288 		  1.367
7.225045e+14 			 13.284 		  1.370
7.297295e+14 			 13.280 		  1.372
7.370268e+14 			 13.276 		  1.375
7.443971e+14 			 13.271 		  1.377
7.518410e+14 			 13.266 		  1.380
7.593595e+14 			 13.261 		  1.382
7.669530e+14 			 13.255 		  1.384
7.746226e+14 			 13.250 		  1.387
7.823688e+14 			 13.243 		  1.389
7.901925e+14 			 13.237 		  1.391
7.980944e+14 			 13.230 		  1.393
8.060754e+14 			 13.222 		  1.396
8.141361e+14 			 13.215 		  1.398
8.222775e+14 			 13.207 		  1.400
8.305002e+14 			 13.199 		  1.402
8.388053e+14 			 13.190 		  1.404
8.471933e+14 			 13.181 		  1.406
8.556652e+14 			 13.172 		  1.408
8.642219e+14 			 13.162 		  1.410
8.728641e+14 			 13.152 		  1.412
8.815927e+14 			 13.142 		  1.413
8.904087e+14 			 13.131 		  1.415
8.993128e+14 			 13.120 		  1.417
9.083059e+14 			 13.108 		  1.419
9.173890e+14 			 13.097 		  1.421
9.265628e+14 			 13.085 		  1.422
9.358285e+14 			 13.072 		  1.424
9.451868e+14 			 13.059 		  1.426
9.546386e+14 			 13.041 		  1.428
9.641850e+14 			 13.022 		  1.430
9.738269e+14 			 13.002 		  1.432
9.835651e+14 			 12.980 		  1.435
9.934008e+14 			 12.958 		  1.437
1.003335e+15 			 12.934 		  1.439
1.013368e+15 			 12.911 		  1.442
1.023502e+15 			 12.887 		  1.444
1.033737e+15 			 12.862 		  1.447
1.044074e+15 			 12.838 		  1.449
1.054515e+15 			 12.812 		  1.452
1.065060e+15 			 12.787 		  1.455
1.075711e+15 			 12.761 		  1.457
1.086468e+15 			 12.735 		  1.460
1.097332e+15 			 12.709 		  1.463
1.108306e+15 			 12.682 		  1.465
1.119389e+15 			 12.655 		  1.468
1.130583e+15 			 12.628 		  1.471
1.141889e+15 			 12.601 		  1.474
1.153307e+15 			 12.574 		  1.477
1.164841e+15 			 12.547 		  1.480
1.176489e+15 			 12.520 		  1.483
1.188254e+15 			 12.492 		  1.486
1.200136e+15 			 12.465 		  1.489
1.212138e+15 			 12.438 		  1.492
1.224259e+15 			 12.410 		  1.495
1.236502e+15 			 12.383 		  1.498
1.248867e+15 			 12.356 		  1.501
1.261355e+15 			 12.328 		  1.504
1.273969e+15 			 12.301 		  1.507
1.286709e+15 			 12.274 		  1.510
1.299576e+15 			 12.247 		  1.513
1.312571e+15 			 12.220 		  1.516
1.325697e+15 			 12.193 		  1.519
1.338954e+15 			 12.166 		  1.522
1.352344e+15 			 12.139 		  1.525
1.365867e+15 			 12.113 		  1.528
1.379526e+15 			 12.086 		  1.531
1.393321e+15 			 12.060 		  1.534
1.407254e+15 			 12.033 		  1.537
1.421327e+15 			 12.007 		  1.540
1.435540e+15 			 11.981 		  1.543
1.449895e+15 			 11.956 		  1.545
1.464394e+15 			 11.930 		  1.548
1.479038e+15 			 11.904 		  1.551
1.493829e+15 			 11.879 		  1.554
1.508767e+15 			 11.854 		  1.556
1.523855e+15 			 11.828 		  1.559
1.539093e+15 			 11.803 		  1.562
1.554484e+15 			 11.778 		  1.564
1.570029e+15 			 11.753 		  1.567
1.585729e+15 			 11.729 		  1.569
1.601587e+15 			 11.704 		  1.572
1.617603e+15 			 11.680 		  1.574
1.633779e+15 			 11.656 		  1.577
1.650116e+15 			 11.632 		  1.579
1.666617e+15 			 11.608 		  1.581
1.683284e+15 			 11.584 		  1.583
1.700116e+15 			 11.560 		  1.586
1.717118e+15 			 11.537 		  1.588
1.734289e+15 			 11.513 		  1.590
1.751632e+15 			 11.490 		  1.592
1.769148e+15 			 11.466 		  1.594
1.786840e+15 			 11.443 		  1.596
1.804708e+15 			 11.420 		  1.598
1.822755e+15 			 11.398 		  1.600
1.840983e+15 			 11.375 		  1.601
1.859392e+15 			 11.352 		  1.603
1.877986e+15 			 11.330 		  1.605
1.896766e+15 			 11.308 		  1.606
1.915734e+15 			 11.285 		  1.608
1.934891e+15 			 11.263 		  1.610
1.954240e+15 			 11.241 		  1.611
1.973782e+15 			 11.219 		  1.612
1.993520e+15 			 11.198 		  1.614
2.013455e+15 			 11.176 		  1.615
2.033590e+15 			 11.154 		  1.616
2.053926e+15 			 11.133 		  1.618
2.074465e+15 			 11.112 		  1.619
2.095210e+15 			 11.090 		  1.620
2.116162e+15 			 11.069 		  1.621
2.137324e+15 			 11.048 		  1.622
2.158697e+15 			 11.027 		  1.623
2.180284e+15 			 11.007 		  1.624
2.202087e+15 			 10.986 		  1.625
2.224107e+15 			 10.965 		  1.626
2.246349e+15 			 10.945 		  1.626
2.268812e+15 			 10.925 		  1.627
2.291500e+15 			 10.904 		  1.628
2.314415e+15 			 10.884 		  1.628
2.337559e+15 			 10.864 		  1.629
2.360935e+15 			 10.844 		  1.630
2.384544e+15 			 10.824 		  1.630
2.408390e+15 			 10.804 		  1.630
