! central density (gr/cm^3) 	 Radius (km) 	 Mass (Msolar)
3.009952e+14 			 14.882 		  0.374
3.040052e+14 			 14.837 		  0.378
3.070453e+14 			 14.794 		  0.383
3.101157e+14 			 14.752 		  0.388
3.132169e+14 			 14.711 		  0.393
3.163490e+14 			 14.672 		  0.397
3.195125e+14 			 14.634 		  0.402
3.227076e+14 			 14.598 		  0.407
3.259347e+14 			 14.562 		  0.411
3.291941e+14 			 14.528 		  0.416
3.324860e+14 			 14.494 		  0.420
3.358109e+14 			 14.459 		  0.425
3.391690e+14 			 14.424 		  0.430
3.425607e+14 			 14.390 		  0.435
3.459863e+14 			 14.357 		  0.440
3.494461e+14 			 14.325 		  0.445
3.529406e+14 			 14.294 		  0.450
3.564700e+14 			 14.264 		  0.455
3.600347e+14 			 14.234 		  0.460
3.636351e+14 			 14.206 		  0.465
3.672714e+14 			 14.177 		  0.470
3.709441e+14 			 14.147 		  0.475
3.746536e+14 			 14.118 		  0.480
3.784001e+14 			 14.090 		  0.486
3.821841e+14 			 14.062 		  0.491
3.860059e+14 			 14.035 		  0.496
3.898660e+14 			 14.009 		  0.501
3.937647e+14 			 13.983 		  0.506
3.977023e+14 			 13.958 		  0.511
4.016793e+14 			 13.933 		  0.516
4.056961e+14 			 13.907 		  0.522
4.097531e+14 			 13.882 		  0.527
4.138506e+14 			 13.857 		  0.533
4.179891e+14 			 13.833 		  0.538
4.221690e+14 			 13.809 		  0.544
4.263907e+14 			 13.785 		  0.549
4.306546e+14 			 13.763 		  0.554
4.349612e+14 			 13.740 		  0.559
4.393108e+14 			 13.716 		  0.565
4.437039e+14 			 13.693 		  0.571
4.481409e+14 			 13.670 		  0.576
4.526223e+14 			 13.648 		  0.582
4.571485e+14 			 13.626 		  0.587
4.617200e+14 			 13.605 		  0.593
4.663372e+14 			 13.584 		  0.598
4.710006e+14 			 13.562 		  0.604
4.757106e+14 			 13.540 		  0.610
4.804677e+14 			 13.519 		  0.616
4.852724e+14 			 13.498 		  0.621
4.901251e+14 			 13.477 		  0.627
4.950264e+14 			 13.456 		  0.633
4.999766e+14 			 13.436 		  0.638
5.049764e+14 			 13.416 		  0.644
5.100262e+14 			 13.395 		  0.650
5.151264e+14 			 13.375 		  0.656
5.202777e+14 			 13.355 		  0.662
5.254805e+14 			 13.335 		  0.667
5.307353e+14 			 13.315 		  0.673
5.360426e+14 			 13.296 		  0.679
5.414030e+14 			 13.276 		  0.685
5.468171e+14 			 13.256 		  0.691
5.522852e+14 			 13.236 		  0.697
5.578081e+14 			 13.217 		  0.703
5.633862e+14 			 13.198 		  0.709
5.690200e+14 			 13.179 		  0.714
5.747102e+14 			 13.160 		  0.720
5.804573e+14 			 13.141 		  0.726
5.862619e+14 			 13.121 		  0.732
5.921245e+14 			 13.102 		  0.739
5.980458e+14 			 13.083 		  0.744
6.040262e+14 			 13.064 		  0.750
6.100665e+14 			 13.046 		  0.756
6.161672e+14 			 13.027 		  0.762
6.223288e+14 			 13.008 		  0.769
6.285521e+14 			 12.989 		  0.775
6.348376e+14 			 12.970 		  0.781
6.411860e+14 			 12.952 		  0.787
6.475979e+14 			 12.933 		  0.793
6.540739e+14 			 12.914 		  0.799
6.606146e+14 			 12.895 		  0.805
6.672207e+14 			 12.877 		  0.811
6.738930e+14 			 12.858 		  0.817
6.806319e+14 			 12.840 		  0.823
6.874382e+14 			 12.821 		  0.829
6.943126e+14 			 12.802 		  0.835
7.012557e+14 			 12.783 		  0.842
7.082683e+14 			 12.765 		  0.848
7.153510e+14 			 12.747 		  0.854
7.225045e+14 			 12.728 		  0.860
7.297295e+14 			 12.709 		  0.866
7.370268e+14 			 12.690 		  0.872
7.443971e+14 			 12.672 		  0.878
7.518410e+14 			 12.653 		  0.884
7.593595e+14 			 12.635 		  0.890
7.669530e+14 			 12.616 		  0.897
7.746226e+14 			 12.597 		  0.903
7.823688e+14 			 12.578 		  0.909
7.901925e+14 			 12.560 		  0.915
7.980944e+14 			 12.541 		  0.921
8.060754e+14 			 12.522 		  0.927
8.141361e+14 			 12.503 		  0.933
8.222775e+14 			 12.484 		  0.939
8.305002e+14 			 12.466 		  0.945
8.388053e+14 			 12.446 		  0.951
8.471933e+14 			 12.427 		  0.957
8.556652e+14 			 12.408 		  0.963
8.642219e+14 			 12.390 		  0.969
8.728641e+14 			 12.370 		  0.975
8.815927e+14 			 12.351 		  0.981
8.904087e+14 			 12.332 		  0.987
8.993128e+14 			 12.313 		  0.993
9.083059e+14 			 12.294 		  0.999
9.173890e+14 			 12.275 		  1.005
9.265628e+14 			 12.255 		  1.011
9.358285e+14 			 12.236 		  1.017
9.451868e+14 			 12.217 		  1.022
9.546386e+14 			 12.197 		  1.028
9.641850e+14 			 12.178 		  1.034
9.738269e+14 			 12.158 		  1.040
9.835651e+14 			 12.139 		  1.046
9.934008e+14 			 12.119 		  1.052
1.003335e+15 			 12.100 		  1.057
1.013368e+15 			 12.080 		  1.063
1.023502e+15 			 12.060 		  1.069
1.033737e+15 			 12.040 		  1.074
1.044074e+15 			 12.021 		  1.080
1.054515e+15 			 12.001 		  1.086
1.065060e+15 			 11.981 		  1.091
1.075711e+15 			 11.961 		  1.097
1.086468e+15 			 11.941 		  1.102
1.097332e+15 			 11.921 		  1.108
1.108306e+15 			 11.901 		  1.113
1.119389e+15 			 11.881 		  1.119
1.130583e+15 			 11.861 		  1.124
1.141889e+15 			 11.841 		  1.130
1.153307e+15 			 11.820 		  1.135
1.164841e+15 			 11.800 		  1.140
1.176489e+15 			 11.780 		  1.146
1.188254e+15 			 11.759 		  1.151
1.200136e+15 			 11.739 		  1.156
1.212138e+15 			 11.718 		  1.161
1.224259e+15 			 11.698 		  1.167
1.236502e+15 			 11.677 		  1.172
1.248867e+15 			 11.657 		  1.177
1.261355e+15 			 11.636 		  1.182
1.273969e+15 			 11.615 		  1.187
1.286709e+15 			 11.595 		  1.192
1.299576e+15 			 11.574 		  1.197
1.312571e+15 			 11.553 		  1.202
1.325697e+15 			 11.532 		  1.207
1.338954e+15 			 11.511 		  1.211
1.352344e+15 			 11.490 		  1.216
1.365867e+15 			 11.469 		  1.221
1.379526e+15 			 11.448 		  1.226
1.393321e+15 			 11.427 		  1.230
1.407254e+15 			 11.406 		  1.235
1.421327e+15 			 11.385 		  1.240
1.435540e+15 			 11.364 		  1.244
1.449895e+15 			 11.342 		  1.249
1.464394e+15 			 11.321 		  1.253
1.479038e+15 			 11.300 		  1.258
1.493829e+15 			 11.279 		  1.262
1.508767e+15 			 11.257 		  1.266
1.523855e+15 			 11.236 		  1.271
1.539093e+15 			 11.214 		  1.275
1.554484e+15 			 11.193 		  1.279
1.570029e+15 			 11.171 		  1.283
1.585729e+15 			 11.150 		  1.287
1.601587e+15 			 11.128 		  1.291
1.617603e+15 			 11.107 		  1.295
1.633779e+15 			 11.085 		  1.299
1.650116e+15 			 11.063 		  1.303
1.666617e+15 			 11.042 		  1.307
1.683284e+15 			 11.020 		  1.311
1.700116e+15 			 10.998 		  1.315
1.717118e+15 			 10.977 		  1.318
1.734289e+15 			 10.955 		  1.322
1.751632e+15 			 10.933 		  1.326
1.769148e+15 			 10.911 		  1.329
1.786840e+15 			 10.889 		  1.333
1.804708e+15 			 10.867 		  1.336
1.822755e+15 			 10.845 		  1.340
1.840983e+15 			 10.824 		  1.343
1.859392e+15 			 10.802 		  1.347
1.877986e+15 			 10.780 		  1.350
1.896766e+15 			 10.758 		  1.353
1.915734e+15 			 10.736 		  1.356
1.934891e+15 			 10.714 		  1.359
1.954240e+15 			 10.692 		  1.362
1.973782e+15 			 10.670 		  1.365
1.993520e+15 			 10.648 		  1.368
2.013455e+15 			 10.626 		  1.371
2.033590e+15 			 10.604 		  1.374
2.053926e+15 			 10.582 		  1.377
2.074465e+15 			 10.560 		  1.380
2.095210e+15 			 10.538 		  1.383
2.116162e+15 			 10.516 		  1.385
2.137324e+15 			 10.494 		  1.388
2.158697e+15 			 10.472 		  1.390
2.180284e+15 			 10.450 		  1.393
2.202087e+15 			 10.428 		  1.395
2.224107e+15 			 10.405 		  1.398
2.246349e+15 			 10.383 		  1.400
2.268812e+15 			 10.361 		  1.403
2.291500e+15 			 10.339 		  1.405
2.314415e+15 			 10.317 		  1.407
2.337559e+15 			 10.295 		  1.409
2.360935e+15 			 10.273 		  1.411
2.384544e+15 			 10.251 		  1.413
2.408390e+15 			 10.229 		  1.416
2.432474e+15 			 10.207 		  1.417
2.456798e+15 			 10.185 		  1.419
2.481366e+15 			 10.163 		  1.421
2.506180e+15 			 10.141 		  1.423
2.531242e+15 			 10.119 		  1.425
2.556554e+15 			 10.097 		  1.427
2.582120e+15 			 10.076 		  1.428
2.607941e+15 			 10.054 		  1.430
2.634020e+15 			 10.032 		  1.431
2.660361e+15 			 10.010 		  1.433
2.686964e+15 			  9.988 		  1.434
2.713834e+15 			  9.966 		  1.436
2.740972e+15 			  9.944 		  1.437
2.768382e+15 			  9.923 		  1.439
2.796066e+15 			  9.901 		  1.440
2.824026e+15 			  9.879 		  1.441
2.852267e+15 			  9.857 		  1.442
2.880789e+15 			  9.836 		  1.444
2.909597e+15 			  9.814 		  1.445
2.938693e+15 			  9.793 		  1.446
2.968080e+15 			  9.771 		  1.447
2.997761e+15 			  9.749 		  1.448
3.027738e+15 			  9.728 		  1.449
3.058016e+15 			  9.706 		  1.450
3.088596e+15 			  9.685 		  1.450
3.119482e+15 			  9.663 		  1.451
3.150677e+15 			  9.642 		  1.452
3.182184e+15 			  9.621 		  1.453
3.214005e+15 			  9.599 		  1.453
3.246145e+15 			  9.578 		  1.454
3.278607e+15 			  9.557 		  1.454
3.311393e+15 			  9.536 		  1.455
3.344507e+15 			  9.514 		  1.455
3.377952e+15 			  9.493 		  1.456
3.411731e+15 			  9.472 		  1.456
3.445849e+15 			  9.451 		  1.457
3.480307e+15 			  9.430 		  1.457
3.515110e+15 			  9.409 		  1.457
3.550261e+15 			  9.388 		  1.458
3.585764e+15 			  9.367 		  1.458
3.621622e+15 			  9.347 		  1.458
3.657838e+15 			  9.326 		  1.458
3.694416e+15 			  9.305 		  1.458
3.731360e+15 			  9.284 		  1.458
3.768674e+15 			  9.264 		  1.458
