! central density (gr/cm^3) 	 Radius (km) 	 Mass (Msolar)
3.009952e+14 			 15.806 		  0.212
3.040052e+14 			 15.643 		  0.216
3.070453e+14 			 15.491 		  0.220
3.101157e+14 			 15.347 		  0.223
3.132169e+14 			 15.212 		  0.227
3.163490e+14 			 15.085 		  0.231
3.195125e+14 			 14.965 		  0.235
3.227076e+14 			 14.852 		  0.239
3.259347e+14 			 14.745 		  0.242
3.291941e+14 			 14.643 		  0.246
3.324860e+14 			 14.547 		  0.250
3.358109e+14 			 14.456 		  0.254
3.391690e+14 			 14.369 		  0.258
3.425607e+14 			 14.277 		  0.262
3.459863e+14 			 14.148 		  0.268
3.494461e+14 			 14.028 		  0.274
3.529406e+14 			 13.916 		  0.281
3.564700e+14 			 13.811 		  0.287
3.600347e+14 			 13.713 		  0.293
3.636351e+14 			 13.622 		  0.300
3.672714e+14 			 13.536 		  0.306
3.709441e+14 			 13.457 		  0.313
3.746536e+14 			 13.382 		  0.319
3.784001e+14 			 13.313 		  0.326
3.821841e+14 			 13.247 		  0.332
3.860059e+14 			 13.186 		  0.339
3.898660e+14 			 13.129 		  0.345
3.937647e+14 			 13.075 		  0.352
3.977023e+14 			 13.024 		  0.358
4.016793e+14 			 12.976 		  0.365
4.056961e+14 			 12.932 		  0.371
4.097531e+14 			 12.889 		  0.377
4.138506e+14 			 12.849 		  0.384
4.179891e+14 			 12.811 		  0.390
4.221690e+14 			 12.775 		  0.396
4.263907e+14 			 12.741 		  0.403
4.306546e+14 			 12.707 		  0.409
4.349612e+14 			 12.663 		  0.418
4.393108e+14 			 12.621 		  0.428
4.437039e+14 			 12.582 		  0.437
4.481409e+14 			 12.546 		  0.446
4.526223e+14 			 12.512 		  0.455
4.571485e+14 			 12.480 		  0.464
4.617200e+14 			 12.451 		  0.474
4.663372e+14 			 12.424 		  0.483
4.710006e+14 			 12.398 		  0.492
4.757106e+14 			 12.374 		  0.501
4.804677e+14 			 12.352 		  0.510
4.852724e+14 			 12.331 		  0.519
4.901251e+14 			 12.311 		  0.528
4.950264e+14 			 12.293 		  0.537
4.999766e+14 			 12.276 		  0.546
5.049764e+14 			 12.260 		  0.555
5.100262e+14 			 12.244 		  0.563
5.151264e+14 			 12.230 		  0.572
5.202777e+14 			 12.216 		  0.581
5.254805e+14 			 12.198 		  0.592
5.307353e+14 			 12.182 		  0.604
5.360426e+14 			 12.167 		  0.616
5.414030e+14 			 12.152 		  0.627
5.468171e+14 			 12.139 		  0.639
5.522852e+14 			 12.127 		  0.650
5.578081e+14 			 12.116 		  0.661
5.633862e+14 			 12.105 		  0.673
5.690200e+14 			 12.095 		  0.684
5.747102e+14 			 12.086 		  0.695
5.804573e+14 			 12.077 		  0.706
5.862619e+14 			 12.069 		  0.717
5.921245e+14 			 12.061 		  0.728
5.980458e+14 			 12.054 		  0.738
6.040262e+14 			 12.047 		  0.749
6.100665e+14 			 12.040 		  0.760
6.161672e+14 			 12.033 		  0.772
6.223288e+14 			 12.025 		  0.785
6.285521e+14 			 12.018 		  0.798
6.348376e+14 			 12.011 		  0.812
6.411860e+14 			 12.005 		  0.825
6.475979e+14 			 11.999 		  0.838
6.540739e+14 			 11.993 		  0.850
6.606146e+14 			 11.987 		  0.863
6.672207e+14 			 11.982 		  0.876
6.738930e+14 			 11.977 		  0.888
6.806319e+14 			 11.972 		  0.900
6.874382e+14 			 11.968 		  0.912
6.943126e+14 			 11.963 		  0.924
7.012557e+14 			 11.958 		  0.936
7.082683e+14 			 11.954 		  0.948
7.153510e+14 			 11.948 		  0.962
7.225045e+14 			 11.943 		  0.977
7.297295e+14 			 11.938 		  0.991
7.370268e+14 			 11.933 		  1.004
7.443971e+14 			 11.928 		  1.018
7.518410e+14 			 11.923 		  1.031
7.593595e+14 			 11.918 		  1.045
7.669530e+14 			 11.913 		  1.058
7.746226e+14 			 11.908 		  1.071
7.823688e+14 			 11.904 		  1.084
7.901925e+14 			 11.899 		  1.096
7.980944e+14 			 11.894 		  1.109
8.060754e+14 			 11.889 		  1.121
8.141361e+14 			 11.883 		  1.135
8.222775e+14 			 11.877 		  1.150
8.305002e+14 			 11.871 		  1.164
8.388053e+14 			 11.865 		  1.178
8.471933e+14 			 11.859 		  1.191
8.556652e+14 			 11.853 		  1.204
8.642219e+14 			 11.846 		  1.218
8.728641e+14 			 11.840 		  1.231
8.815927e+14 			 11.834 		  1.243
8.904087e+14 			 11.827 		  1.256
8.993128e+14 			 11.821 		  1.268
9.083059e+14 			 11.814 		  1.281
9.173890e+14 			 11.806 		  1.295
9.265628e+14 			 11.798 		  1.308
9.358285e+14 			 11.790 		  1.322
9.451868e+14 			 11.782 		  1.335
9.546386e+14 			 11.774 		  1.348
9.641850e+14 			 11.766 		  1.361
9.738269e+14 			 11.758 		  1.373
9.835651e+14 			 11.749 		  1.386
9.934008e+14 			 11.741 		  1.398
1.003335e+15 			 11.732 		  1.409
1.013368e+15 			 11.723 		  1.421
1.023502e+15 			 11.713 		  1.434
1.033737e+15 			 11.703 		  1.447
1.044074e+15 			 11.693 		  1.460
1.054515e+15 			 11.683 		  1.472
1.065060e+15 			 11.672 		  1.484
1.075711e+15 			 11.662 		  1.496
1.086468e+15 			 11.652 		  1.507
1.097332e+15 			 11.641 		  1.518
1.108306e+15 			 11.630 		  1.529
1.119389e+15 			 11.620 		  1.540
1.130583e+15 			 11.607 		  1.552
1.141889e+15 			 11.595 		  1.564
1.153307e+15 			 11.583 		  1.575
1.164841e+15 			 11.570 		  1.586
1.176489e+15 			 11.558 		  1.597
1.188254e+15 			 11.545 		  1.608
1.200136e+15 			 11.533 		  1.618
1.212138e+15 			 11.520 		  1.628
1.224259e+15 			 11.508 		  1.638
1.236502e+15 			 11.494 		  1.648
1.248867e+15 			 11.480 		  1.658
1.261355e+15 			 11.466 		  1.669
1.273969e+15 			 11.452 		  1.678
1.286709e+15 			 11.437 		  1.688
1.299576e+15 			 11.423 		  1.698
1.312571e+15 			 11.409 		  1.707
1.325697e+15 			 11.394 		  1.716
1.338954e+15 			 11.380 		  1.725
1.352344e+15 			 11.365 		  1.733
1.365867e+15 			 11.349 		  1.742
1.379526e+15 			 11.334 		  1.751
1.393321e+15 			 11.318 		  1.760
1.407254e+15 			 11.302 		  1.768
1.421327e+15 			 11.286 		  1.776
1.435540e+15 			 11.270 		  1.784
1.449895e+15 			 11.254 		  1.792
1.464394e+15 			 11.239 		  1.800
1.479038e+15 			 11.222 		  1.807
1.493829e+15 			 11.205 		  1.815
1.508767e+15 			 11.188 		  1.822
1.523855e+15 			 11.171 		  1.829
1.539093e+15 			 11.154 		  1.836
1.554484e+15 			 11.137 		  1.843
1.570029e+15 			 11.120 		  1.850
1.585729e+15 			 11.103 		  1.856
1.601587e+15 			 11.086 		  1.863
1.617603e+15 			 11.067 		  1.869
1.633779e+15 			 11.049 		  1.875
1.650116e+15 			 11.031 		  1.881
1.666617e+15 			 11.013 		  1.887
1.683284e+15 			 10.995 		  1.893
1.700116e+15 			 10.978 		  1.898
1.717118e+15 			 10.960 		  1.904
1.734289e+15 			 10.942 		  1.909
1.751632e+15 			 10.923 		  1.914
1.769148e+15 			 10.904 		  1.919
1.786840e+15 			 10.886 		  1.924
1.804708e+15 			 10.867 		  1.929
1.822755e+15 			 10.848 		  1.934
1.840983e+15 			 10.830 		  1.938
1.859392e+15 			 10.811 		  1.942
1.877986e+15 			 10.793 		  1.947
1.896766e+15 			 10.773 		  1.951
1.915734e+15 			 10.754 		  1.955
1.934891e+15 			 10.735 		  1.959
1.954240e+15 			 10.716 		  1.962
1.973782e+15 			 10.697 		  1.966
1.993520e+15 			 10.678 		  1.969
2.013455e+15 			 10.660 		  1.972
2.033590e+15 			 10.640 		  1.976
2.053926e+15 			 10.621 		  1.979
2.074465e+15 			 10.601 		  1.982
2.095210e+15 			 10.582 		  1.985
2.116162e+15 			 10.563 		  1.988
2.137324e+15 			 10.544 		  1.990
2.158697e+15 			 10.525 		  1.993
2.180284e+15 			 10.505 		  1.995
2.202087e+15 			 10.486 		  1.997
2.224107e+15 			 10.466 		  2.000
2.246349e+15 			 10.447 		  2.002
2.268812e+15 			 10.427 		  2.004
2.291500e+15 			 10.408 		  2.006
2.314415e+15 			 10.389 		  2.007
2.337559e+15 			 10.370 		  2.009
2.360935e+15 			 10.350 		  2.011
2.384544e+15 			 10.331 		  2.012
2.408390e+15 			 10.312 		  2.014
2.432474e+15 			 10.292 		  2.015
2.456798e+15 			 10.273 		  2.016
2.481366e+15 			 10.255 		  2.017
2.506180e+15 			 10.235 		  2.018
2.531242e+15 			 10.216 		  2.019
2.556554e+15 			 10.196 		  2.020
2.582120e+15 			 10.177 		  2.021
2.607941e+15 			 10.158 		  2.022
2.634020e+15 			 10.140 		  2.022
2.660361e+15 			 10.121 		  2.023
2.686964e+15 			 10.102 		  2.023
2.713834e+15 			 10.083 		  2.024
2.740972e+15 			 10.064 		  2.024
2.768382e+15 			 10.045 		  2.024
2.796066e+15 			 10.026 		  2.024
2.824026e+15 			 10.008 		  2.024
2.852267e+15 			  9.989 		  2.024
